$kreisnummer
 [1] 101 102 103 151 153 154 155 157 158 159 251 252 254 255 256 257 351 352 353 354 355 356
[23] 357 358 359 360 361 401 402 405 451 452 453 454 455 456 457 458 459 460 461 462

$kreis
 [1] "Braunschweig, Stadt"  "Salzgitter, Stadt"    "Wolfsburg, Stadt"    
 [4] "Gifhorn"              "Goslar"               "Helmstedt"           
 [7] "Northeim"             "Peine"                "Wolfenbüttel"        
[10] "Göttingen"            "Diepholz"             "Hameln-Pyrmont"      
[13] "Hildesheim"           "Holzminden"           "Nienburg (Weser)"    
[16] "Schaumburg"           "Celle"                "Cuxhaven"            
[19] "Harburg"              "Lüchow-Dannenberg"    "Lüneburg"            
[22] "Osterholz"            "Rotenburg (Wümme)"    "Heidekreis"          
[25] "Stade"                "Uelzen"               "Verden"              
[28] "Delmenhorst, Stadt"   "Emden, Stadt"         "Wilhelmshaven, Stadt"
[31] "Ammerland"            "Aurich"               "Cloppenburg"         
[34] "Emsland"              "Friesland"            "Grafschaft Bentheim" 
[37] "Leer"                 "Oldenburg"            "Osnabrück"           
[40] "Vechta"               "Wesermarsch"          "Wittmund"            

$ZX_1
 [1] -0.030449478  2.492172668 -0.508272057 -0.740156544  0.566828746  0.630069970
 [7] -0.002342268 -0.388816412 -0.318548386 -0.163958728 -0.915826610  0.531694733
[13]  0.285756640  0.377105075 -0.262333965 -0.030449478  0.573855548 -0.255307162
[19] -1.021228649  0.960329693 -0.367736005 -1.239059531 -0.894746202  0.060898956
[25] -0.121797912 -0.178012333 -0.606647294  2.302448996  1.536527509  3.012156062
[31] -0.943933820  0.559801943 -0.712049334 -1.702828505 -0.438004031 -1.253113136
[37] -0.107744307 -1.203925518 -1.372568781 -0.957987426  0.552775141  0.103059772

$ZX_2
 [1]  3.56733172 -0.78173745  1.31781319  0.52512570 -0.03189793 -0.11759388 -0.54607360
 [8] -0.11759388  0.76078955  1.66059696 -0.43895367 -0.28898577  0.39658179 -0.50322563
[15] -0.82458542 -0.20328982 -0.28898577 -0.69604150  0.46085374 -0.48180164  1.16784528
[22]  0.11806997 -0.63176954 -0.78173745 -0.03189793 -0.39610570 -0.01047395 -0.88885738
[29] -0.07474591 -0.39610570 -0.22471381 -0.76031346 -1.06024926 -0.48180164 -0.46037766
[36] -0.73888947 -0.69604150 -0.28898577 -0.41752968 -0.52464961 -0.86743339 -1.14594521

$ZX_3
 [1]  0.34644484 -0.37787015  2.00202196  0.89830388 -1.06769395  1.03626864  0.58788317
 [8]  0.62237436  0.03602413 -1.06769395  1.20872459  0.31195365 -0.20541420 -0.51583491
[15]  0.65686555 -0.34337896 -0.44685253 -0.23990539  1.03626864 -1.65404417 -1.06769395
[22]  0.76033912  0.86381269  0.07051532  0.79483031 -0.58481729  0.93279507 -1.72302655
[29] -1.24014990 -1.99895607  0.48440960 -0.72278205  0.34644484  0.03602413 -0.23990539
[36] -0.20541420 -1.44709703  1.45016292  1.69160125  2.00202196  0.17398889 -0.55032610

$ZX_4
 [1]  1.40453000  2.25642632  4.95453759 -0.21222680 -0.23596385 -0.35464910 -0.12782841
 [8] -0.31244990 -0.33091205  0.38383688 -0.49970885  0.36273728  0.06470544  0.22295243
[15] -0.22541405 -0.32563715  0.14382894 -0.80565304 -0.41003555 -0.78455344 -0.14892801
[22] -0.74235424 -0.41003555 -0.22805150  0.06998034 -0.56037019  0.19130303 -1.14588408
[29]  1.03528701  0.20712773 -0.21222680 -0.70542994 -0.77927854 -0.11727861 -0.30981245
[36] -0.68696779 -0.92433828 -0.70015504 -0.38366105 -0.19640210  0.66076912 -0.93225063

$ZX_5
 [1]  0.47851427 -1.32068484  2.05690258  1.47625196 -0.46197618  1.08369942  0.38037613
 [8]  0.02053631  0.46215791 -0.60100520  1.23090662  0.14320898 -0.29841262 -0.15938360
[15] -0.25752173  0.06142720 -0.60100520  0.24952529  2.62937502 -0.40472893 -0.60100520
[22]  0.74021596  0.65025600 -0.43744164  0.80564138 -0.29841262  1.28815387 -1.64781195
[29] -1.94222635 -2.22846257  0.54393969 -0.67460880 -0.48651071  0.17592169 -0.50286706
[36] -0.82999417 -1.44335751  1.02645218  0.97738311  0.92013587 -0.06124546 -0.22480902

$ZX_6
 [1]  0.167921122  1.280886696 -1.062198724 -0.417850233 -0.476427369  0.577961070
 [7] -0.945044453 -1.355084401 -0.300695962 -1.062198724 -1.120775859 -0.593581640
[13]  0.226498257 -0.476427369 -0.007810285 -0.710735911  0.988001019  0.695115341
[19] -1.296507266  1.398040967 -0.652158775 -1.413661537 -0.242118827  0.167921122
[25] -0.710735911 -0.066387420 -1.179352995  2.276698000  1.573772374 -1.179352995
[31] -0.300695962  1.222309561  0.109343986  0.870846748  1.925235187 -0.066387420
[37]  1.866658051  0.988001019  0.460806799  1.632349509 -1.120775859 -0.124964556

$ZX_7
 [1] -0.469553463  1.381241208 -1.446361762 -0.880841168  1.021364467  0.301610983
 [7]  0.095967131 -0.109676721 -0.726608278 -0.520964426 -0.572375389  1.175597356
[13]  0.147378094  0.867131577  0.198789057  0.610076762  0.712898688  0.147378094
[19] -1.343539835  0.610076762 -0.572375389 -1.035074057 -0.623786352  0.198789057
[25] -0.623786352  0.661487725 -0.829430205  2.460871433  1.689706987  3.386268769
[31] -1.137895983  0.095967131 -0.675197315 -0.880841168 -0.212498647 -0.932252131
[37]  0.044556168 -1.035074057 -1.086485020 -1.240717909  0.404432910 -0.006854795

$ZX_8
 [1]  1.68424415 -0.34550020  2.08686557  1.28328645 -0.57010306  0.61280533 -0.31388943
 [8]  0.65107100  1.15850709  0.04547515  0.54126516  0.09871434  0.34660935 -0.75477652
[15] -0.51353641  0.15694471  0.04713887 -0.03937482  2.49281444 -1.54005466  0.67103570
[22]  1.03871890 -0.11257872 -0.41038547  1.35815407 -0.81467061  0.96884245 -0.79304219
[29] -0.81633434 -0.69155497 -0.27895120 -1.33208905 -1.79127711 -1.03095485 -0.39042077
[36] -1.12578716 -1.77796731  0.24013096 -0.25066788 -0.18744634 -0.10426009 -1.62823208

$SMR
 [1] 1244.3614 1385.0098 1204.0609 1024.6803 1543.2929 1446.7946 1441.6067 1210.1854 1239.6523
[10] 1209.3185 1139.7515 1382.3704 1362.0590 1478.6911 1309.7884 1442.2072 1249.6923 1378.0919
[19] 1030.1736 1530.2852 1042.4753 1166.1730 1191.1101 1231.4970 1073.8681 1437.2897 1177.9779
[28] 1115.8267 1236.9830 1552.7543 1056.9231 1285.6082  951.0198  991.8550 1238.4655 1077.5878
[37] 1155.9907 1061.2616 1029.5592  804.7531 1309.7886 1299.1134

